10 9 -2147483648 10 10 10 10 10 10 10 50 50 50 50 50 50 50 93 82 79
10 -2147483648 8 10 10 10 10 10 -2147483648 10 47 50 50 50 50 46 50 82 76 89
10 9 10 10 10 10 10 10 10 -2147483648 50 50 50 50 50 50 50 78 81 92
10 10 -2147483648 10 10 10 10 10 10 10 50 50 50 50 50 -2147483648 50 94 100 93
-2147483648 10 10 10 10 10 10 10 10 10 50 50 50 50 50 50 50 80 99 85
8 10 6 6 8 6 10 5 5 7 45 44 40 43 36 34 43 74 80 71
10 10 10 10 8 10 9 -2147483648 10 10 50 50 50 50 50 50 48 83 89 84
10 10 -2147483648 8 7 -2147483648 7 8 8 -2147483648 45 47 50 43 43 46 44 69 81 83
9 6 8 3 10 5 6 10 8 10 50 42 42 45 45 50 50 71 79 74
7 10 10 7 10 10 10 -2147483648 10 10 50 45 50 46 43 50 50 86 85 81
9 10 10 10 10 5 10 8 10 10 50 50 50 46 44 50 45 72 83 74
10 10 10 10 10 10 10 10 10 10 50 50 50 50 50 50 47 82 84 88
9 10 10 10 7 10 -2147483648 10 10 10 50 45 48 50 50 -2147483648 47 82 83 83
6 -2147483648 9 -2147483648 7 10 10 4 10 10 50 49 -2147483648 50 48 50 50 70 73 80
9 10 10 10 10 6 10 10 8 6 50 50 49 50 50 50 50 78 85 91
10 9 10 10 10 -2147483648 8 -2147483648 6 10 42 50 47 50 -2147483648 50 50 81 77 84
9 10 10 10 7 10 10 10 10 10 50 50 50 50 50 50 50 76 85 84
10 -2147483648 10 10 8 8 10 9 3 10 46 -2147483648 -2147483648 44 49 39 47 83 75 72
10 10 9 10 10 10 -2147483648 10 10 10 50 50 47 49 43 48 47 76 78 84
6 7 10 5 8 10 9 -2147483648 -2147483648 9 44 36 46 49 32 44 45 65 70 71
-2147483648 10 5 -2147483648 7 4 -2147483648 1 7 4 27 28 29 29 29 22 36 60 77 69
10 10 8 9 10 10 10 10 10 10 50 49 45 50 50 50 50 79 77 84
10 -2147483648 10 9 8 -2147483648 10 10 10 -2147483648 50 50 50 47 46 50 48 74 77 87
10 5 10 5 1 10 3 10 6 10 40 40 43 33 44 45 43 73 81 75
10 10 10 10 10 10 10 10 10 10 50 50 50 50 50 50 50 91 88 83
-2147483648 3 10 5 5 6 2 6 6 9 36 40 -2147483648 28 48 37 43 71 69 66
10 10 10 10 10 10 10 -2147483648 9 7 45 50 50 50 43 50 50 73 80 75
10 7 10 9 10 10 10 5 9 10 50 44 44 50 41 46 50 67 76 65
8 10 6 10 10 -2147483648 -2147483648 9 10 10 50 50 50 50 50 50 50 86 80 79
10 10 10 8 10 10 10 10 10 10 50 50 50 50 50 50 50 83 84 92
9 -2147483648 10 10 5 -2147483648 10 10 10 8 -2147483648 50 43 45 47 50 49 69 82 78
6 10 10 10 10 -2147483648 -2147483648 10 10 10 49 50 50 47 47 50 46 71 85 78
10 10 2 9 8 9 10 0 -2147483648 9 36 40 41 50 38 47 46 74 80 83
5 2 9 7 3 7 9 6 8 6 28 38 28 21 37 25 36 72 68 66
8 6 9 10 -2147483648 9 10 6 7 9 42 50 50 43 42 -2147483648 43 79 82 78
7 10 10 10 10 10 9 4 10 10 48 47 50 50 50 45 42 68 81 74
10 10 -2147483648 10 10 10 10 10 6 10 50 50 50 50 47 50 50 83 86 88
6 10 10 10 10 -2147483648 10 10 10 10 50 50 50 50 50 50 50 83 90 81
10 10 6 8 10 1 10 10 9 10 44 43 44 40 47 40 49 68 76 75
6 8 -2147483648 10 10 -2147483648 7 8 6 9 45 46 48 49 38 45 50 75 90 75
9 8 10 7 7 6 3 3 4 10 32 43 29 36 41 32 36 65 73 69
10 10 3 1 5 8 9 10 8 10 31 46 39 41 37 36 30 70 65 70
6 4 2 4 7 4 9 10 0 9 35 32 40 42 43 40 33 67 73 65
7 10 10 10 -2147483648 10 10 10 10 10 50 50 50 50 50 50 50 84 83 84
10 5 -2147483648 10 8 8 10 1 10 7 44 40 37 48 43 43 50 70 80 69
10 9 10 8 7 10 2 9 -2147483648 7 48 47 46 50 50 50 48 77 85 64
10 7 8 2 5 8 9 9 8 9 29 40 39 40 44 26 36 71 77 68
10 6 10 10 10 10 9 8 10 10 50 50 46 50 50 49 50 77 83 79
1 5 3 9 5 5 6 8 6 0 41 37 41 37 35 31 36 65 64 75
10 10 -2147483648 6 10 10 8 9 7 9 47 50 46 49 -2147483648 43 46 79 75 69
4 9 5 -2147483648 4 -2147483648 8 3 9 7 36 46 44 43 43 50 39 73 73 73
-2147483648 7 10 10 10 -2147483648 10 10 10 6 40 50 50 48 46 49 50 75 85 82
10 8 8 8 8 5 10 10 9 9 42 50 40 40 33 46 34 69 71 67
6 7 9 7 6 9 5 8 10 10 37 38 36 48 45 46 35 72 68 69
10 10 10 7 -2147483648 9 10 10 8 10 50 50 50 50 43 46 50 72 80 67
-2147483648 4 10 10 10 10 10 -2147483648 10 8 38 50 50 50 50 46 49 78 85 80
7 6 10 10 9 8 10 10 -2147483648 10 50 50 50 48 45 46 43 74 81 79
9 5 5 8 10 10 8 10 10 10 50 50 50 50 49 48 47 63 91 80
-2147483648 10 10 10 7 0 10 4 9 10 35 36 38 50 48 50 37 69 75 76
10 10 5 4 8 10 8 7 10 10 36 42 46 48 50 47 50 73 68 86
4 5 -2147483648 10 9 10 10 9 10 9 42 39 35 39 45 39 48 71 82 70
7 10 -2147483648 8 10 9 7 8 10 8 50 34 50 34 47 50 46 81 80 78
7 7 9 7 -2147483648 6 6 10 10 10 36 39 41 41 41 42 43 66 82 76
5 4 5 3 10 0 8 -2147483648 6 4 30 35 44 34 34 41 23 73 68 66
7 7 10 10 8 10 10 10 5 10 50 46 50 50 50 48 46 87 76 77
10 4 10 10 9 -2147483648 10 -2147483648 9 4 50 33 45 38 41 50 45 79 78 78
5 8 -2147483648 7 9 3 6 7 10 6 38 28 33 38 38 40 37 65 74 62
9 10 8 10 10 6 10 10 6 10 50 50 42 50 50 50 49 86 82 76
10 10 10 4 10 9 10 9 4 8 38 36 41 47 32 38 36 74 73 66
-2147483648 10 7 10 8 7 10 7 9 8 50 46 46 47 50 46 33 69 84 76
10 10 10 10 10 10 10 10 6 10 50 50 50 48 50 50 -2147483648 78 89 75
9 10 10 8 10 10 8 10 8 10 48 44 48 41 50 44 50 72 79 78
10 10 10 10 10 10 10 10 10 10 49 50 50 48 50 50 47 80 84 82
9 10 8 7 8 10 5 7 9 8 33 42 44 39 41 40 41 68 70 67
10 -2147483648 10 -2147483648 10 10 10 9 9 10 50 -2147483648 50 49 50 49 49 78 78 73
1 5 8 5 6 7 4 7 -2147483648 9 37 44 50 43 43 40 43 70 76 85
10 9 8 9 9 5 8 9 4 10 44 40 40 44 37 43 46 67 80 76
10 7 8 6 10 6 8 6 9 3 50 43 50 49 39 38 42 66 81 68
10 6 10 9 7 7 10 8 10 7 50 45 43 50 47 34 47 60 81 67
8 10 10 10 6 -2147483648 8 5 10 9 50 50 50 48 42 47 44 78 77 86
3 6 9 8 5 -2147483648 6 4 10 10 35 34 42 40 38 37 40 75 72 68
9 8 10 6 8 10 10 10 10 10 50 44 50 50 45 45 50 73 82 80
7 10 10 10 10 -2147483648 10 10 10 10 50 50 47 50 50 50 48 76 83 82
10 6 8 3 6 4 4 10 5 5 43 41 42 34 23 48 29 69 68 62
10 10 10 10 10 10 10 10 10 10 50 50 -2147483648 50 50 50 50 89 84 81
10 10 10 10 10 10 10 -2147483648 10 10 -2147483648 50 50 50 50 50 50 82 80 84
10 10 10 10 10 10 10 10 10 10 50 50 50 50 50 50 -2147483648 78 89 86
8 10 10 10 10 9 8 7 9 8 48 43 50 43 45 50 46 74 84 78
9 7 7 10 5 9 -2147483648 10 10 7 36 38 46 38 39 38 41 70 75 71
10 10 10 10 10 10 10 10 9 10 -2147483648 47 50 50 50 50 50 78 84 77
10 10 8 10 10 10 10 4 9 10 43 41 43 40 50 34 48 74 73 79
9 10 10 10 10 10 10 7 10 10 50 50 50 50 50 50 50 80 86 86
10 10 9 7 10 8 -2147483648 7 10 9 -2147483648 50 50 50 40 50 50 79 73 77
10 10 10 10 10 -2147483648 10 10 10 7 47 50 50 50 50 50 50 84 76 84
10 10 10 10 10 10 10 9 10 -2147483648 -2147483648 43 48 50 -2147483648 50 50 66 77 79
9 9 10 -2147483648 10 10 -2147483648 10 10 9 47 50 50 50 50 50 50 70 79 73
10 6 10 10 10 10 10 10 10 10 43 49 46 39 48 46 40 83 81 80
10 9 10 9 10 10 10 10 10 10 50 50 50 50 50 50 50 83 87 78
9 -2147483648 10 7 9 8 7 8 10 10 50 50 42 49 45 49 44 74 77 82
8 10 6 9 10 10 -2147483648 10 10 10 50 47 46 50 45 49 47 83 89 83
